$ANSIBLE_VAULT;1.1;AES256
35636564663164326138333633376663393964396664393863623664323664646338306662393631
3061303661396335636235346234333434393566336530340a626338386539393238343137313638
36663235313430653964333132656438306463323135643863383433396230653330356533353438
3264393966356530370a346664616364386332303036656263363433623833383534306235616666
63333163303730663266336235316339303064346136383939316433343339653561343034636633
65633766343362653730376564383532613738643864326532646561616637303063316432373336
63303364313439653463646164653264333934616631356536363630633063376166323264373738
61336436356465633663303930383638663838356666616333383434646566336539396239636361
36616163623530363035393533616137636436316436386261373766313861366263346436376163
38373565613463316363653635313139653730306530346333633032363239373838326239323830
65353431366531636135363335623364626336616532303632386232346265643939393761343735
35386663353163346264653466623066303339663433383466653261393038323063353638326464
64613165633930376337353365396165333435616437363034343166373462303039363337633062
65613430333333343531353432653232333031633962346235656664643564613430633434376136
66393037653330326164346264356564303261653530383031643662376130653961646139343431
32306338306563313061663735356364313330326232663434616463376361373632326564383735
62333135303065343639626363633166646330383863366664363963663134616366323166313662
39313134363339383032356338656165343336656666366565383664373433636363393134386630
30376661653431346338323565333461363831633331363538383161333262343033636538363032
39323339643731656530323832636161353137353964613662633765363430663431653966383366
30356338343130313032613262646261386665643363366163313538396431393337366664616431
32373334363963393465343234633162636561333236663133656164393566346466616539623939
36333334623836333466623161353039316638643832303939376366356633666633656462346134
63643438306433353562336164373131373666306266336131373136663363366265626539663133
65353432366439636664653433633961653332633165323161646134313564326539373032633733
30623863613661316561663437313739386363346330636164633438656637316562346536316639
31393066356432336231626463353536636434313430346164616435363733616634393263353563
63303531636630666261353766663532373966663734316433616533303830363334383138366531
35336539396337646337663638333234656133393231353737646538343934343232636431623263
32393365396631653861386532313166306639346230623335653464363136626330313938643865
31633130623638666363663464383630306530643166336436303335316638313637353732636433
61393030366334643932336666336566613961376533343634333133623063373030343231306436
39306233326264623639343030363139386365646262336436313931343839333135353637633866
61373536656437343238373637633164623438346264396536646230386634366239316463346530
33353533313263396165313938623639393639376363323238396339363561343038323563376363
31663864323364313930646632323161373230623562376637393032316462623063336336323434
37333432313364343434303533333632346234626433353239663336616639613966333831373331
33643065656230323437356566376537636634376461666136623535656633633664653638663765
32366365626437666634663163666466323134393366363337373931316535353233633731663166
39633062303239396233653432346463656561396435323038376630373133643339646538303762
61656632663734393465316465653531623964373366383832383436663166336533643937393732
35616164656162636366376635373362343238666333386438303430366632346636393065393563
36356334653730303763376136343038656265613731316338303461356562346331343134663862
31383263396433633962326463616262323831613634303037613464616261313562653036376163
32643735313839343265623066616564633636366463656537383761626261313265643962313737
37353738393234326562653830366562316365656633303665613665626237653738303533666433
63643233376331323764663536366639386131666333616134363632383461663739336637383837
65613733336663353938626562343132363165623934376461333633663965383438616463616331
33626662613566376333643330346231636133383463353739356238323836313336353430396263
62363635363161363830343438646539343539333335323033383361666337383633346132343934
64393966363164393739303436343736303431613664623034366232333336626337346363323539
37333337376338623432363433373535633837363737383436373034643136346234323763373965
65633166616139303661326532396361313661346430646561363534666365656565333535396265
65666433633033666332646466643832623032626664373663373336396330373238396535373165
32393666303334623638656565623361303238396361346163653665356137653031643861626462
62656530363134323836653562616661666232633235343334363066333532346363316330663234
30383463613235313761353766633435633735643533356665636133623133623063393537306566
36623561663937386363303139343733386435373662383735396436613663633033303036623562
39336435663464396661333965643965383366366238336564373265613761313564376666303166
32663466626436646532653637653833303636313335303736646637303339656264336164363030
32393031646231323866313830656463393662643537356130306461386333303232343831353866
63623433616131356162616332303438396331343632353332346361613631616461366563326662
39353232346338643134626339623432353436663134636337356564333637343865656235343631
63656438383230363936353332646465343534636531343739336663646337333837623863373936
62623465313835306565653033373563666631666565393438626139343233333234656263336532
33353336663937643662613964653031663066386466663662313938613438343130663465666134
30323537656139383061333364343839346633363638653430366238393536613461366334643038
64633537386364373530643461613633643634633962643633366333313866623261343139343364
63623766383766313466383563616462663463396537376232633530333133643738346564373432
66366131643333326464363637363932623934633564666536643535323335383633376330323832
64343230386132376636613561643737653331353237306232623864356132633461343564646463
61343664373036363130646462353838626230346564356332346462313865393632613164666536
64643930393534303464333962653432333065643766626661373538383332663063323133363437
64663864626138323733613831393735353230393566313339616634373936626165386134653164
63306230653765363733333536363462396462353463633138373865613833616537376430313038
31343534306335306232343330663930373563343338663230366464313530336365626538323136
39643733333062643063356564633064376163326638343562396261613631323164323866313164
35636639653765396661343236663864643933393763323663393432613734383362393562323939
62633634323835666637343463383133623632616364643533636536633233643037396261613936
37353532636565633466663838623133636164356539643364366535663164383335626630356464
31643737643862386238356431393464353133663333386265313136653961623766316430346539
35343961343533633831626462386465313936313934326431306662333862396535336532366536
30363031323137643035626239373236643033646463633762656135386165643831333936346130
33666262323461643633656162333035393336333966373637396433316435626134363766616363
39326231313331336563633937626235336635383837666634656135663062336564646562323237
65323034663933633163663933353430623531333563313930353863383334383934386465613261
31313762666638313465366638386665633332333366613765633237383566636237366135323836
64336566306334613336356330336333333936376433656535346435643739333666636633363232
38376336326532356262313337353237643765313736326231363239323834343066396232383438
38626630336431383732383264633039353366363233336537383631666332373438383264633432
36643863376336303165303936363339386661663063356162313165386235643466663632313039
30393565346336663435653564663065663536353333343435313037643937393665373065656333
66326439306636333436383165393938393730643536316438663330376362626632633062396231
65346261616463623934363530626132613239616134653335626162373532616134356662306537
37303631333835346162323237386461373861643433623163636339356263646238356637643639
31366164313539636563623738373932613162623031343436336263386564333664623230373739
34636237383239363030386331663165353431333431323163343761613438393034666432656163
66326637376639313037616164333332656664356137633461386336353534623935633932356166
30363463383632383034623931366137366632356233386430666361336632303231373733323039
65643939366234663062626239376131313661316535356632376637376331633030393661316132
38343630666532326235653761326334303963356132346532636661316239636261313638333564
32356462383361353266396461613437376339386639623236323338613066363139303839303765
37663438633733386230316331656161383931363263613836616232306165383436353265343339
39346132633365303534313636316339343065333737363961663464616639646664656335663065
61643263303332373861306339643034363430343461353534303962653637343533363766303332
63623361623937643462653839633735313134316362336262636330323031363730353039373665
35636263326438616433633336376135333236646162303638313066326130323437366633383065
30323266663465343961643734626364616463383434333161646635343266343265383538333535
64653164373936303633333633313739313734303934626531373538313138393363336431646161
38346330633238333662346334383862316633333361346163343130313433616436396134646537
36353530313464323561636635376230663132383763626637373762363634336361623036636331
38666631373936626234653366336536646161343735373862623337393363336361376163363364
66623934386631626532333063383236303632303339383839353963326334353565376130313635
62353237396136636332343134336333343830313032353939326361393064363330323430326231
35613238613839643039323261616136643466363465353034663630666661326364353661346164
33333933346265373030366439393330323332393835306337313833666664623362386439366563
34373738343634343566373439333764653161343833613136613237616665633331653662363265
32313962363965613435336233396339313134353161343561616230633331303333313437616432
30396166326337393532306230653831633139356332376137386364373363623638363630386433
33653939363935623639303638323935353332646566383236343865373163333435636664353465
35343337626332323366646233623563393039343164626633633230373266306330633839653836
35343364386237353834643234363837373966656538613864333264323838326531356634653739
61373338313131633236616330383636366330663431373265363437633565666433643232343962
64666366646666343534616630646334383638653639306664633232306266633133303234613433
30353463306631313834316366343938623462323633303132633431616538376432613065626162
32373362613738656239613939313736386431643864303930666337386364346633346433333532
37366530386133393532633165316466313537373133643337356630363934613932343163326233
35373633666161653838653066343161393366623431626137313634373636633232353335376631
37396161393139616233663238623335663636356131323338313834323535343562
